100
1 17
2 66
2 99
3 59
3 9
4 83
4 43
5 6
6 19
7 83
7 85
8 51
8 71
10 91
11 29
11 83
11 12
11 51
11 60
12 64
12 96
12 86
12 45
13 93
13 88
13 84
13 74
14 95
15 100
16 73
17 98
18 44
18 82
19 42
20 75
21 98
21 53
22 59
22 49
22 34
22 81
23 100
23 26
23 30
24 29
25 47
26 46
26 72
27 60
28 70
29 42
29 65
29 59
29 75
29 92
31 51
32 99
32 97
32 87
33 76
35 100
36 45
37 59
38 54
39 71
40 93
41 45
41 68
42 61
44 83
46 63
47 98
47 80
47 54
48 91
50 64
52 77
55 73
55 89
56 64
57 80
58 80
59 70
59 94
59 79
62 73
64 69
66 91
67 91
68 95
70 93
72 78
73 93
76 99
77 83
83 100
83 98
90 100
91 96
123
add 1 -9597
add 2 -9930
add 3 991
add 4 -543
add 5 5139
add 6 5008
add 7 604
add 8 5302
add 9 -8702
add 10 3985
add 11 4496
add 12 8315
add 13 -9339
add 14 676
add 15 -414
add 16 -2869
add 17 4823
add 18 -2787
add 19 -5796
add 20 8921
add 21 6060
add 22 2347
add 23 5757
add 24 -3488
add 25 4174
add 26 4627
add 27 -1416
add 28 -4987
add 29 3031
add 30 -6815
add 31 6165
add 32 4259
add 33 7828
add 34 2646
add 35 -5800
add 36 425
add 37 6318
add 38 1164
add 39 5012
add 40 -7108
add 41 3484
add 42 -7051
add 43 -956
add 44 3450
add 45 -8036
add 46 8586
add 47 -3186
add 48 -540
add 49 1609
add 50 -3993
add 51 2065
add 52 -3560
add 53 2650
add 54 -564
add 55 -6061
add 56 -9899
add 57 -95
add 58 -8725
add 59 -9233
add 60 -5576
add 61 4045
add 62 4099
add 63 3279
add 64 2219
add 65 1444
add 66 -1125
add 67 3974
add 68 1772
add 69 -2193
add 70 4139
add 71 -1881
add 72 -2513
add 73 -6611
add 74 245
add 75 1954
add 76 -9603
add 77 3374
add 78 4177
add 79 9037
add 80 -5245
add 81 -3136
add 82 -6288
add 83 -6724
add 84 -1773
add 85 -312
add 86 -4045
add 87 655
add 88 -6130
add 89 8565
add 90 4961
add 91 5237
add 92 -7787
add 93 -8424
add 94 8156
add 95 -8432
add 96 9107
add 97 7071
add 98 5184
add 99 3182
add 100 -8080
max 72 65
max 94 55
max 95 66
add 25 -6555
add 20 3334
max 5 93
max 21 73
add 37 244
max 89 50
add 10 -3180
max 64 50
max 61 97
add 54 -1979
add 60 -6106
max 18 77
add 49 -100
max 52 47
max 3 15
add 76 9459
add 83 -7497
add 23 4271
add 16 1909
max 27 60
